[[80, 58], [-80, -45]],
[[80, 4], [-4, -91]],
[[40, 2], [29, 39]],
[[38, 45], [3, -25]],
[[95, 68], [82, 33]],
[[75, 37], [44, -31]],
[[53, 27], [-20, -99]],
[[47, 11], [-75, 93]],
[[11, 14], [-37, -22]],
[[3, 43], [76, 60]],
[[21, 50], [-3, -23]],
[[41, 6], [23, 81]],
[[83, 62], [34, 54]],
[[78, 63], [74, 45]],
[[71, 63], [-58, -56]],
[[86, 19], [16, 20]],
[[40, 46], [72, 79]],
[[96, 15], [59, 11]],
[[63, 69], [57, 25]],
[[96, 28], [-7, 29]],
[[36, 63], [17, 32]],
[[1, 40], [-50, 68]],
[[50, 5], [31, -74]],
[[70, 61], [87, 31]],
[[43, 71], [75, -69]],
[[20, 73], [-93, -42]],
[[69, 13], [-79, 81]],
[[68, 90], [19, -32]],
[[39, 32], [-52, -7]],
[[74, 82], [-27, 24]],
[[36, 1], [8, 61]],
[[12, 6], [-25, -77]],
[[92, 96], [-16, -12]],
[[49, 59], [50, -47]],
[[14, 80], [-25, -19]],
[[79, 25], [-79, 88]],
[[67, 61], [13, -96]],
[[37, 55], [-47, -21]],
[[40, 95], [-6, 32]],
[[92, 88], [-90, -22]],
[[35, 79], [52, -62]],
[[27, 40], [-22, -8]],
[[22, 73], [61, -27]],
[[44, 84], [-26, 31]],
[[64, 9], [-47, 38]],
[[82, 87], [-7, -45]],
[[36, 40], [-43, 87]],
[[100, 17], [-68, -48]],
[[91, 93], [-53, -82]],
[[27, 66], [-66, 67]],
[[65, 66], [-78, -18]],
[[65, 75], [34, 67]],
[[96, 71], [88, 84]],
[[73, 75], [-50, 24]],
[[90, 100], [68, 39]],
[[48, 22], [83, -33]],
[[79, 80], [-49, 45]],
[[5, 53], [-9, -94]],
[[53, 101], [11, 22]],
[[63, 18], [-18, 2]],
[[31, 98], [-98, 56]],
[[16, 42], [-83, -68]],
[[23, 101], [-69, 99]],
[[72, 102], [-4, -21]],
[[27, 87], [-45, -10]],
[[22, 49], [21, -87]],
[[3, 2], [-11, -98]],
[[84, 76], [22, 50]],
[[48, 43], [83, 10]],
[[59, 37], [-18, 40]],
[[23, 24], [-66, -49]],
[[4, 88], [-86, 99]],
[[77, 57], [90, 10]],
[[37, 20], [-49, -23]],
[[11, 56], [6, 16]],
[[49, 14], [-32, 12]],
[[55, 86], [2, 58]],
[[37, 79], [-20, 75]],
[[63, 25], [65, -79]],
[[81, 92], [96, -7]],
[[66, 58], [-66, 37]],
[[11, 17], [-22, -47]],
[[63, 7], [37, 21]],
[[57, 17], [-78, -5]],
[[84, 7], [74, -98]],
[[77, 51], [-12, 15]],
[[90, 95], [22, -5]],
[[8, 72], [12, -70]],
[[35, 81], [3, 23]],
[[66, 96], [80, 56]],
[[29, 87], [-52, 67]],
[[18, 6], [41, -55]],
[[25, 0], [10, 84]],
[[93, 49], [-91, -69]],
[[12, 19], [9, -82]],
[[100, 21], [4, 79]],
[[47, 24], [-93, 98]],
[[89, 52], [-50, -56]],
[[20, 54], [18, -59]],
[[78, 86], [74, -30]],
[[61, 80], [40, 15]],
[[79, 35], [-36, 2]],
[[95, 13], [-56, 2]],
[[57, 11], [-78, 90]],
[[55, 47], [14, 93]],
[[79, 16], [-53, -83]],
[[4, 46], [27, 60]],
[[49, 50], [-6, -95]],
[[26, 84], [-41, -36]],
[[55, 98], [34, 91]],
[[51, 72], [-23, 94]],
[[19, 53], [-40, -99]],
[[69, 102], [83, 3]],
[[68, 27], [-35, -64]],
[[30, 64], [53, -60]],
[[95, 47], [-16, -1]],
[[22, 7], [-92, 21]],
[[3, 78], [1, 41]],
[[34, 97], [-49, 13]],
[[100, 27], [44, -16]],
[[76, 53], [37, -33]],
[[81, 17], [-10, 37]],
[[21, 36], [9, 19]],
[[3, 57], [79, -44]],
[[78, 11], [19, 21]],
[[29, 42], [-23, 70]],
[[85, 61], [-33, 34]],
[[80, 45], [48, 1]],
[[28, 55], [9, 86]],
[[30, 62], [13, -30]],
[[83, 71], [74, 48]],
[[78, 17], [-79, 97]],
[[41, 91], [28, 11]],
[[66, 73], [-67, -27]],
[[89, 24], [58, -34]],
[[84, 102], [76, 70]],
[[43, 98], [-61, 72]],
[[26, 57], [57, 96]],
[[34, 85], [35, 15]],
[[52, 41], [9, -76]],
[[4, 15], [59, 36]],
[[82, 21], [42, -41]],
[[33, 42], [-66, -16]],
[[55, 11], [-90, 4]],
[[5, 87], [76, 31]],
[[43, 0], [6, -40]],
[[30, 18], [-95, 3]],
[[47, 75], [-20, -20]],
[[19, 85], [12, 40]],
[[94, 60], [-91, 42]],
[[68, 6], [-30, -92]],
[[26, 77], [58, 83]],
[[75, 85], [10, -83]],
[[65, 48], [-67, -60]],
[[39, 94], [-88, 72]],
[[36, 79], [-98, 75]],
[[36, 96], [-3, -72]],
[[23, 86], [99, 99]],
[[93, 22], [-91, -23]],
[[12, 17], [-28, 20]],
[[0, 80], [1, 92]],
[[84, 39], [94, 71]],
[[41, 55], [35, -8]],
[[83, 46], [-79, 37]],
[[6, 1], [18, -81]],
[[34, 22], [87, -57]],
[[95, 3], [-16, 24]],
[[36, 66], [-17, -60]],
[[68, 22], [-70, 86]],
[[26, 55], [21, 35]],
[[70, 59], [-70, 68]],
[[95, 66], [6, -43]],
[[38, 64], [-26, 24]],
[[92, 12], [-21, 40]],
[[26, 23], [35, 62]],
[[12, 87], [40, 48]],
[[76, 98], [-15, 2]],
[[37, 14], [-78, -65]],
[[20, 67], [-21, 35]],
[[76, 81], [-53, 6]],
[[40, 79], [-12, 83]],
[[90, 2], [65, 39]],
[[99, 93], [-59, 81]],
[[7, 92], [-5, 14]],
[[97, 56], [-80, 34]],
[[68, 69], [-47, -10]],
[[48, 8], [-9, 72]],
[[65, 71], [-33, 89]],
[[85, 32], [2, 45]],
[[32, 101], [-19, -26]],
[[46, 26], [-50, -54]],
[[10, 46], [-87, -86]],
[[15, 54], [49, 57]],
[[20, 15], [41, -31]],
[[78, 65], [-56, 59]],
[[32, 38], [-39, 95]],
[[41, 55], [29, 86]],
[[100, 98], [82, 72]],
[[15, 16], [-34, 30]],
[[17, 1], [38, 64]],
[[45, 29], [20, -72]],
[[42, 65], [-90, 82]],
[[23, 30], [-14, 36]],
[[14, 64], [-31, -26]],
[[53, 7], [-26, -98]],
[[94, 62], [55, 53]],
[[26, 66], [9, 24]],
[[80, 11], [-75, 48]],
[[32, 56], [9, 43]],
[[26, 69], [-80, 77]],
[[68, 39], [25, -50]],
[[24, 85], [13, -92]],
[[75, 26], [48, -93]],
[[42, 26], [69, 28]],
[[62, 98], [11, -64]],
[[76, 62], [-39, 94]],
[[56, 30], [-58, -92]],
[[91, 58], [33, 51]],
[[38, 2], [-49, 39]],
[[92, 91], [-39, -47]],
[[97, 46], [33, -16]],
[[39, 37], [-87, -86]],
[[71, 86], [-47, -55]],
[[4, 17], [53, 97]],
[[39, 73], [17, -52]],
[[41, 72], [49, 33]],
[[75, 44], [71, 61]],
[[54, 43], [-58, -33]],
[[75, 18], [-53, -14]],
[[32, 76], [-2, 76]],
[[18, 30], [-86, 96]],
[[41, 62], [-72, 9]],
[[73, 74], [-90, -19]],
[[1, 35], [56, -59]],
[[51, 62], [-96, -35]],
[[42, 30], [-26, 19]],
[[89, 9], [22, -81]],
[[99, 25], [56, 2]],
[[95, 79], [10, -54]],
[[17, 100], [90, 64]],
[[97, 18], [81, 29]],
[[31, 78], [-8, -45]],
[[27, 31], [73, 4]],
[[1, 31], [93, 52]],
[[89, 2], [-83, 23]],
[[91, 27], [34, 94]],
[[49, 86], [49, 92]],
[[13, 1], [-5, -27]],
[[96, 38], [27, 77]],
[[34, 72], [-58, -2]],
[[31, 83], [-69, -2]],
[[85, 49], [-44, 59]],
[[32, 24], [52, -40]],
[[8, 86], [-88, -15]],
[[58, 43], [-60, -98]],
[[24, 26], [-63, -49]],
[[64, 78], [43, 6]],
[[87, 40], [-30, -9]],
[[39, 57], [14, -27]],
[[61, 66], [-24, 5]],
[[92, 71], [-88, -71]],
[[100, 74], [-97, -1]],
[[79, 88], [-58, 6]],
[[41, 22], [-26, -58]],
[[35, 88], [72, 24]],
[[48, 90], [-84, -12]],
[[0, 62], [1, 50]],
[[76, 50], [-24, 69]],
[[93, 60], [-13, -9]],
[[85, 2], [-13, 13]],
[[16, 47], [21, -51]],
[[10, 32], [99, -15]],
[[94, 95], [-30, 82]],
[[25, 1], [-26, -12]],
[[62, 73], [17, -34]],
[[36, 39], [-75, 53]],
[[60, 54], [46, 77]],
[[63, 48], [-77, -30]],
[[64, 62], [-21, 75]],
[[63, 99], [-4, -90]],
[[75, 99], [-75, 25]],
[[27, 62], [9, 75]],
[[44, 102], [47, 75]],
[[57, 21], [40, 28]],
[[87, 57], [14, 83]],
[[30, 77], [9, 72]],
[[60, 24], [3, 56]],
[[93, 71], [25, -71]],
[[41, 7], [3, -30]],
[[26, 55], [49, -86]],
[[49, 20], [-81, 29]],
[[8, 59], [-5, 8]],
[[97, 56], [98, 8]],
[[53, 102], [-61, 12]],
[[6, 96], [-2, -48]],
[[71, 11], [14, 70]],
[[25, 10], [-17, 72]],
[[43, 78], [-81, -19]],
[[70, 61], [-54, -45]],
[[55, 99], [-90, -21]],
[[55, 6], [-80, 53]],
[[22, 36], [84, 70]],
[[84, 57], [28, 86]],
[[89, 2], [68, -90]],
[[6, 72], [-91, 57]],
[[86, 100], [-13, 65]],
[[97, 31], [-7, -16]],
[[55, 58], [40, 42]],
[[65, 59], [-21, 59]],
[[33, 79], [81, 32]],
[[11, 84], [-60, 58]],
[[60, 85], [-27, -54]],
[[36, 8], [-49, 3]],
[[94, 85], [-71, -88]],
[[27, 96], [-46, -48]],
[[67, 50], [83, -26]],
[[99, 53], [96, -16]],
[[50, 7], [-32, -39]],
[[77, 42], [-13, 8]],
[[97, 99], [-7, 40]],
[[81, 20], [68, 20]],
[[55, 23], [83, -83]],
[[48, 4], [-84, -65]],
[[10, 1], [61, -56]],
[[40, 23], [-59, -55]],
[[38, 44], [-96, -6]],
[[97, 18], [82, 54]],
[[68, 72], [43, -61]],
[[61, 31], [-61, 28]],
[[83, 68], [-59, 84]],
[[46, 77], [-78, -79]],
[[72, 102], [-47, -4]],
[[72, 61], [-27, 51]],
[[66, 102], [19, 64]],
[[90, 101], [-27, 39]],
[[44, 73], [-29, 76]],
[[60, 82], [89, 83]],
[[39, 23], [-87, 2]],
[[4, 87], [-34, 67]],
[[68, 93], [-33, -63]],
[[31, 56], [-88, -67]],
[[99, 12], [-66, 52]],
[[11, 58], [50, -78]],
[[98, 90], [7, 41]],
[[79, 90], [93, 80]],
[[62, 3], [-18, -4]],
[[67, 10], [-56, -28]],
[[14, 8], [51, -76]],
[[48, 51], [46, -9]],
[[90, 75], [-40, -78]],
[[41, 33], [-55, -24]],
[[73, 48], [-50, 56]],
[[57, 26], [66, 11]],
[[51, 80], [5, 50]],
[[80, 99], [65, -74]],
[[48, 60], [-49, 95]],
[[13, 49], [-15, 16]],
[[52, 75], [-36, -44]],
[[7, 73], [-22, 7]],
[[63, 22], [-70, -6]],
[[97, 99], [-91, 56]],
[[22, 5], [-89, -99]],
[[83, 36], [-4, 60]],
[[16, 30], [79, 44]],
[[34, 70], [48, 56]],
[[38, 10], [-31, -68]],
[[26, 17], [3, 12]],
[[19, 78], [67, -3]],
[[99, 53], [17, 8]],
[[88, 66], [91, -95]],
[[34, 99], [-72, -89]],
[[30, 19], [52, 63]],
[[23, 31], [97, -51]],
[[63, 36], [-67, -93]],
[[15, 70], [50, -63]],
[[25, 19], [-16, 23]],
[[44, 74], [46, -27]],
[[21, 51], [12, -68]],
[[39, 41], [56, 80]],
[[98, 83], [-79, -96]],
[[75, 13], [-50, 72]],
[[33, 64], [41, 58]],
[[38, 25], [23, 62]],
[[39, 97], [-46, 22]],
[[59, 33], [-1, -23]],
[[43, 96], [11, 98]],
[[2, 2], [-48, -74]],
[[72, 33], [-82, 86]],
[[77, 60], [-56, -61]],
[[6, 73], [2, -62]],
[[42, 88], [48, -6]],
[[68, 82], [77, 76]],
[[86, 60], [-24, 85]],
[[43, 2], [67, 35]],
[[79, 5], [71, 99]],
[[53, 7], [89, -73]],
[[26, 71], [13, -6]],
[[1, 45], [14, 67]],
[[40, 71], [-85, -91]],
[[1, 85], [65, 57]],
[[26, 87], [81, 23]],
[[58, 58], [11, 8]],
[[73, 96], [6, 84]],
[[43, 86], [92, -37]],
[[7, 27], [-91, -6]],
[[30, 45], [-66, 19]],
[[81, 13], [21, -2]],
[[16, 16], [55, -59]],
[[22, 59], [38, 94]],
[[60, 71], [-15, 25]],
[[98, 16], [-33, 72]],
[[29, 68], [52, -43]],
[[53, 31], [98, -20]],
[[34, 46], [84, 79]],
[[35, 8], [58, 4]],
[[95, 83], [36, -88]],
[[18, 99], [44, 18]],
[[75, 83], [-73, 61]],
[[97, 65], [79, -54]],
[[56, 76], [66, 91]],
[[59, 32], [79, -53]],
[[0, 54], [-22, 26]],
[[14, 23], [-80, 2]],
[[97, 33], [7, 18]],
[[6, 18], [24, 47]],
[[95, 40], [-65, 1]],
[[92, 8], [-65, 30]],
[[93, 72], [10, -71]],
[[77, 51], [65, 70]],
[[57, 39], [-6, 71]],
[[88, 73], [-76, -35]],
[[26, 23], [-14, 28]],
[[39, 26], [41, -23]],
[[36, 10], [49, -91]],
[[74, 4], [-34, -74]],
[[88, 83], [25, -29]],
[[89, 1], [10, -82]],
[[73, 38], [84, 26]],
[[37, 42], [26, 60]],
[[4, 61], [7, 78]],
[[54, 101], [17, 99]],
[[16, 3], [74, 27]],
[[96, 51], [-48, -51]],
[[55, 94], [-26, -73]],
[[80, 4], [-29, -31]],
[[89, 57], [4, -19]],
[[46, 67], [17, -35]],
[[92, 16], [85, -6]],
[[61, 36], [11, -59]],
[[80, 97], [62, -74]],
[[5, 72], [-28, -87]],
[[57, 47], [11, 9]],
[[99, 73], [-34, 63]],
[[66, 84], [-24, 93]],
[[90, 78], [13, 57]],
[[23, 12], [-86, -82]],
[[33, 91], [32, 40]],
[[83, 75], [19, -11]],
[[76, 39], [-17, 64]],
[[49, 18], [69, 89]],
[[90, 50], [25, 4]],
[[41, 17], [-23, -74]],
[[16, 16], [-86, 54]],
[[55, 48], [34, -60]],
[[37, 55], [49, 67]],
[[11, 33], [70, -93]],
[[82, 36], [-21, -34]],
[[76, 29], [23, -94]],
[[90, 61], [92, 89]],
[[88, 0], [2, -67]],
[[20, 52], [21, 95]],
[[49, 41], [-78, 51]],
[[82, 72], [-33, 57]],
[[99, 3], [34, 50]],
[[17, 101], [12, -20]],
[[12, 72], [85, 32]],
[[91, 51], [-94, 69]],
[[23, 43], [-82, -13]],
[[64, 34], [-94, 1]],
[[87, 11], [-52, -97]],
[[11, 2], [2, -59]],
[[12, 49], [9, 27]],
[[84, 28], [-36, -41]],
[[64, 62], [43, 8]],
[[27, 98], [12, -21]],
[[37, 35], [-86, 23]],
[[53, 31], [-12, -16]],
[[100, 2], [27, 99]],
[[17, 24], [-36, 36]],
[[94, 81], [-30, 40]],
[[76, 0], [62, 65]],
[[72, 48], [-24, 94]],
[[19, 25], [9, 34]],
[[41, 74], [-52, -10]],
[[87, 71], [-22, 67]],
[[61, 44], [60, 63]],
[[47, 61], [-93, -19]],
[[0, 82], [-42, -45]],
[[83, 43], [-90, 28]],
[[40, 26], [89, -93]],
